-10.3536 12.8117 -118.5
-10.24576 12.77085 -118.5
-10.14174 12.72103 -118.5
-10.04087 12.66479 -118.5
-9.942242 12.60444 -118.5
-9.845965 12.54025 -118.5
-9.752343 12.47236 -118.5
-9.662281 12.40002 -118.5
-9.576609 12.32261 -118.5
-9.495431 12.2404 -118.5
-9.418045 12.15441 -118.5
-9.343503 12.06581 -118.5
-9.27127 11.97528 -118.5
-9.201441 11.8829 -118.5
-9.134429 11.78849 -118.5
-9.070597 11.69192 -118.5
-9.010178 11.5932 -118.5
-8.953458 11.49234 -118.5
-8.90097 11.38928 -118.5
-8.853362 11.28393 -118.5
-8.810798 11.17642 -118.5
-8.772423 11.06723 -118.5
-8.736637 10.95707 -118.5
-8.702045 10.84647 -118.5
-8.668126 10.73566 -118.5
-8.635097 10.62459 -118.5
-8.603265 10.51318 -118.5
-8.572419 10.40148 -118.5
-8.541811 10.28971 -118.5
-8.510759 10.17806 -118.5
-8.479293 10.06654 -118.5
-8.448176 9.954921 -118.5
-8.418246 9.84299 -118.5
-8.389628 9.730711 -118.5
-8.361628 9.618266 -118.5
-8.333257 9.505915 -118.5
-8.303723 9.393871 -118.5
-8.272736 9.282218 -118.5
-8.240521 9.170905 -118.5
-8.207559 9.059802 -118.5
-8.174352 8.948769 -118.5
-8.14135 8.837677 -118.5
-8.108917 8.726419 -118.5
-8.077273 8.614936 -118.5
-8.046393 8.503238 -118.5
-8.015929 8.391426 -118.5
-7.985168 8.279708 -118.5
-7.953033 8.168418 -118.5
-7.918245 8.057993 -118.5
-7.879817 7.948823 -118.5
-7.837606 7.841038 -118.5
-7.792417 7.7344 -118.5
-7.745576 7.628425 -118.5
-7.698355 7.522598 -118.5
-7.651679 7.416532 -118.5
-7.606059 7.310013 -118.5
-7.561577 7.20301 -118.5
-7.517923 7.095661 -118.5
-7.474625 6.988161 -118.5
-7.431364 6.880645 -118.5
-7.38807 6.773142 -118.5
-7.344816 6.665622 -118.5
-7.301621 6.55808 -118.5
-7.258284 6.450598 -118.5
-7.214347 6.343368 -118.5
-7.169251 6.236633 -118.5
-7.122603 6.130574 -118.5
-7.074372 6.02522 -118.5
-7.024872 5.920445 -118.5
-6.974517 5.816069 -118.5
-6.923531 5.711999 -118.5
-6.871862 5.608268 -118.5
-6.819354 5.504962 -118.5
-6.765941 5.402121 -118.5
-6.711655 5.299737 -118.5
-6.656494 5.197824 -118.5
-6.600362 5.096445 -118.5
-6.54322 4.995631 -118.5
-6.485252 4.895285 -118.5
-6.426844 4.795189 -118.5
-6.368387 4.695119 -118.5
-6.310116 4.594941 -118.5
-6.2521 4.494615 -118.5
-6.194323 4.394151 -118.5
-6.136727 4.293583 -118.5
-6.079171 4.192993 -118.5
-6.021428 4.09251 -118.5
-5.963258 3.992276 -118.5
-5.904496 3.89239 -118.5
-5.845056 3.792907 -118.5
-5.784905 3.693853 -118.5
-5.724062 3.595221 -118.5
-5.662638 3.496948 -118.5
-5.600846 3.398903 -118.5
-5.538941 3.300929 -118.5
-5.477089 3.202921 -118.5
-5.415275 3.104889 -118.5
-5.353378 3.00691 -118.5
-5.291337 2.909021 -118.5
-5.229225 2.811178 -118.5
-5.167089 2.713351 -118.5
-5.104729 2.615672 -118.5
-5.041646 2.518477 -118.5
-4.977189 2.422213 -118.5
-4.91088 2.327229 -118.5
-4.842699 2.233568 -118.5
-4.773094 2.140935 -118.5
-4.702686 2.04889 -118.5
-4.631972 1.957072 -118.5
-4.561212 1.865288 -118.5
-4.490484 1.773479 -118.5
-4.419788 1.681645 -118.5
-4.349122 1.589788 -118.5
-4.278513 1.497888 -118.5
-4.208026 1.405894 -118.5
-4.137775 1.313722 -118.5
-4.067885 1.221276 -118.5
-3.998412 1.128517 -118.5
-3.929275 1.035506 -118.5
-3.860262 0.9424022 -118.5
-3.79105 0.8494526 -118.5
-3.721173 0.7570165 -118.5
-3.650062 0.6655527 -118.5
-3.577236 0.5754681 -118.5
-3.502578 0.4868891 -118.5
-3.426414 0.399576 -118.5
-3.349301 0.313076 -118.5
-3.271763 0.2269458 -118.5
-3.194173 0.1408594 -118.5
-3.116769 0.05460612 -118.5
-3.039675 -0.03192389 -118.5
-2.962908 -0.1187446 -118.5
-2.886405 -0.2057993 -118.5
-2.810077 -0.2930077 -118.5
-2.733837 -0.3802931 -118.5
-2.657584 -0.4675671 -118.5
-2.581162 -0.5546909 -118.5
-2.504319 -0.6414361 -118.5
-2.426698 -0.727471 -118.5
-2.347921 -0.8124326 -118.5
-2.267775 -0.8960991 -118.5
-2.186345 -0.9785296 -118.5
-2.103962 -1.060024 -118.5
-2.021013 -1.140954 -118.5
-1.937809 -1.221628 -118.5
-1.854584 -1.30228 -118.5
-1.771546 -1.383122 -118.5
-1.688893 -1.464355 -118.5
-1.606784 -1.546135 -118.5
-1.525275 -1.628513 -118.5
-1.444279 -1.711399 -118.5
-1.363594 -1.79459 -118.5
-1.282965 -1.877837 -118.5
-1.202135 -1.960886 -118.5
-1.120846 -2.043481 -118.5
-1.038887 -2.125406 -118.5
-0.9561758 -2.206572 -118.5
-0.8727924 -2.287051 -118.5
-0.7889207 -2.367027 -118.5
-0.7047586 -2.4467 -118.5
-0.6204559 -2.526226 -118.5
-0.5360951 -2.60569 -118.5
-0.4517078 -2.685127 -118.5
-0.367304 -2.764546 -118.5
-0.2828877 -2.843952 -118.5
-0.198457 -2.923342 -118.5
-0.1139896 -3.002693 -118.5
-0.02942447 -3.081939 -118.5
0.05533837 -3.160973 -118.5
0.1404032 -3.23968 -118.5
0.2258315 -3.317992 -118.5
0.3116194 -3.39591 -118.5
0.3977127 -3.473492 -118.5
0.4840373 -3.550818 -118.5
0.5705209 -3.627966 -118.5
0.6571028 -3.705005 -118.5
0.7437389 -3.781982 -118.5
0.8304057 -3.858926 -118.5
0.9170948 -3.935844 -118.5
1.003803 -4.012741 -118.5
1.090533 -4.089612 -118.5
1.177314 -4.166426 -118.5
1.264212 -4.243106 -118.5
1.351333 -4.319532 -118.5
1.438805 -4.395552 -118.5
1.526734 -4.471043 -118.5
1.61513 -4.545986 -118.5
1.703887 -4.620505 -118.5
1.792821 -4.694813 -118.5
1.881763 -4.769114 -118.5
1.970617 -4.84352 -118.5
2.059373 -4.918044 -118.5
2.148066 -4.992642 -118.5
2.236733 -5.067272 -118.5
2.325382 -5.141922 -118.5
2.414019 -5.216586 -118.5
2.502656 -5.291252 -118.5
2.591299 -5.36591 -118.5
2.679949 -5.44056 -118.5
2.768599 -5.515208 -118.5
2.857252 -5.589854 -118.5
2.945933 -5.664467 -118.5
3.034711 -5.738963 -118.5
3.1237 -5.813205 -118.5
3.213018 -5.887048 -118.5
3.302728 -5.960415 -118.5
3.392797 -6.033342 -118.5
3.483118 -6.105959 -118.5
3.573569 -6.178415 -118.5
3.664073 -6.250806 -118.5
3.754599 -6.323169 -118.5
3.845141 -6.395512 -118.5
3.935695 -6.467841 -118.5
4.026253 -6.540163 -118.5
4.116809 -6.612489 -118.5
4.207361 -6.68482 -118.5
4.297916 -6.757145 -118.5
4.388487 -6.829454 -118.5
4.479073 -6.901741 -118.5
4.569668 -6.974017 -118.5
4.660261 -7.046296 -118.5
4.750839 -7.118595 -118.5
4.841389 -7.190928 -118.5
4.931917 -7.263288 -118.5
5.022465 -7.335623 -118.5
5.113114 -7.407831 -118.5
5.203965 -7.479783 -118.5
5.295117 -7.551351 -118.5
5.386618 -7.622472 -118.5
5.478437 -7.693185 -118.5
5.570477 -7.76361 -118.5
5.662641 -7.833874 -118.5
5.754864 -7.904061 -118.5
5.847112 -7.974216 -118.5
5.939368 -8.044361 -118.5
6.031616 -8.114516 -118.5
6.123849 -8.184689 -118.5
6.216068 -8.254882 -118.5
6.308286 -8.325078 -118.5
6.400524 -8.395244 -118.5
6.492799 -8.465364 -118.5
6.58511 -8.535435 -118.5
6.677473 -8.605436 -118.5
6.769973 -8.675257 -118.5
6.862753 -8.7447 -118.5
6.955951 -8.813579 -118.5
7.049614 -8.881823 -118.5
7.143676 -8.94952 -118.5
7.237999 -9.016856 -118.5
7.332446 -9.084021 -118.5
7.42692 -9.151147 -118.5
7.521379 -9.218295 -118.5
7.615819 -9.28547 -118.5
7.710249 -9.352659 -118.5
7.80468 -9.419846 -118.5
7.899116 -9.487027 -118.5
7.993555 -9.554204 -118.5
8.087995 -9.621377 -118.5
8.182447 -9.688536 -118.5
8.276928 -9.755653 -118.5
8.371454 -9.822708 -118.5
8.466017 -9.889708 -118.5
8.560584 -9.956704 -118.5
8.65511 -10.02376 -118.5
8.749577 -10.09089 -118.5
8.843998 -10.1581 -118.5
8.938407 -10.22532 -118.5
9.03283 -10.29251 -118.5
9.127284 -10.35967 -118.5
9.221775 -10.42677 -118.5
9.316286 -10.49385 -118.5
9.410794 -10.56093 -118.5
9.505273 -10.62805 -118.5
9.599715 -10.69522 -118.5
9.694145 -10.76241 -118.5
9.788601 -10.82956 -118.5
9.883096 -10.89666 -118.5
9.977602 -10.96374 -118.5
10.07209 -11.03084 -118.5
10.16655 -11.09799 -118.5
10.26101 -11.16513 -118.5
10.35549 -11.23226 -118.5
10.44997 -11.29938 -118.5
10.54443 -11.36652 -118.5
10.63887 -11.43369 -118.5
10.73331 -11.50087 -118.5
10.82776 -11.56803 -118.5
10.92223 -11.63517 -118.5
11.01671 -11.70228 -118.5
11.11124 -11.76934 -118.5
11.20579 -11.83635 -118.5
11.30036 -11.90335 -118.5
11.39489 -11.97039 -118.5
11.48936 -12.03752 -118.5
11.58378 -12.10473 -118.5
11.67817 -12.17198 -118.5
11.77257 -12.2392 -118.5
11.86703 -12.30635 -118.5
11.96154 -12.37343 -118.5
12.05607 -12.44048 -118.5
12.15058 -12.50755 -118.5
12.24505 -12.57468 -118.5
12.33948 -12.64188 -118.5
12.43389 -12.70909 -118.5
12.52832 -12.77628 -118.5
12.62279 -12.84341 -118.5
12.71731 -12.91048 -118.5
12.81183 -12.97753 -118.5
12.90633 -13.04462 -118.5
13.00081 -13.11174 -118.5
13.09527 -13.17889 -118.5
13.18971 -13.24606 -118.5
13.28415 -13.31323 -118.5
13.37866 -13.38031 -118.5
13.47332 -13.44718 -118.5
13.56815 -13.5138 -118.5
13.66317 -13.58015 -118.5
13.75835 -13.64627 -118.5
13.85364 -13.71223 -118.5
13.94897 -13.77813 -118.5
14.04428 -13.84406 -118.5
14.13954 -13.91007 -118.5
14.23475 -13.97615 -118.5
14.32991 -14.0423 -118.5
14.42498 -14.10859 -118.5
14.51987 -14.17512 -118.5
14.61454 -14.24197 -118.5
14.70899 -14.30913 -118.5
14.80323 -14.37658 -118.5
14.89731 -14.44426 -118.5
14.99126 -14.51211 -118.5
15.08515 -14.58005 -118.5
15.17902 -14.64802 -118.5
15.27286 -14.71604 -118.5
15.36661 -14.78417 -118.5
15.46027 -14.85242 -118.5
15.5539 -14.92072 -118.5
15.64756 -14.98898 -118.5
15.74129 -15.05714 -118.5
15.83508 -15.12523 -118.5
15.92888 -15.1933 -118.5
16.02267 -15.26138 -118.5
16.11643 -15.32949 -118.5
16.21016 -15.39766 -118.5
16.30384 -15.46588 -118.5
16.39751 -15.53413 -118.5
16.49119 -15.60236 -118.5
16.5849 -15.67055 -118.5
16.67862 -15.73872 -118.5
16.77227 -15.807 -118.5
16.86575 -15.8755 -118.5
16.95898 -15.94434 -118.5
17.05197 -16.01351 -118.5
17.14477 -16.08292 -118.5
17.23747 -16.15248 -118.5
17.33009 -16.22214 -118.5
17.42266 -16.29187 -118.5
17.5152 -16.36164 -118.5
17.60773 -16.43142 -118.5
17.70023 -16.50125 -118.5
17.7926 -16.57123 -118.5
17.88472 -16.64155 -118.5
17.97646 -16.71237 -118.5
18.06775 -16.78375 -118.5
18.15854 -16.85576 -118.5
18.24857 -16.92864 -118.5
18.33661 -17.00329 -118.5
18.41884 -17.08182 -118.5
18.4865 -17.16684 -118.5
18.52582 -17.25824 -118.5
18.5239 -17.34939 -118.5
18.4777 -17.42858 -118.5
18.39644 -17.48634 -118.5
18.29442 -17.52072 -118.5
18.18309 -17.53578 -118.5
18.06864 -17.53713 -118.5
17.95366 -17.52908 -118.5
17.83917 -17.51393 -118.5
17.7257 -17.49233 -118.5
17.6137 -17.4642 -118.5
17.50339 -17.42982 -118.5
17.39462 -17.39042 -118.5
17.28693 -17.34784 -118.5
17.17983 -17.30362 -118.5
17.07304 -17.2586 -118.5
16.96644 -17.21312 -118.5
16.85999 -17.1673 -118.5
16.75366 -17.12121 -118.5
16.64741 -17.07492 -118.5
16.54123 -17.02848 -118.5
16.43507 -16.98199 -118.5
16.32888 -16.93557 -118.5
16.22264 -16.88926 -118.5
16.11637 -16.84302 -118.5
16.01011 -16.79677 -118.5
15.90387 -16.75045 -118.5
15.79765 -16.70409 -118.5
15.69143 -16.65774 -118.5
15.58518 -16.61146 -118.5
15.47889 -16.56527 -118.5
15.37259 -16.5191 -118.5
15.26632 -16.47286 -118.5
15.1601 -16.42651 -118.5
15.0539 -16.3801 -118.5
14.94771 -16.33367 -118.5
14.84152 -16.28725 -118.5
14.73532 -16.24087 -118.5
14.62909 -16.19452 -118.5
14.52285 -16.14823 -118.5
14.4166 -16.10193 -118.5
14.31038 -16.05559 -118.5
14.2042 -16.00913 -118.5
14.09808 -15.96256 -118.5
13.99201 -15.91587 -118.5
13.88596 -15.86911 -118.5
13.77993 -15.82234 -118.5
13.67388 -15.7756 -118.5
13.56782 -15.72887 -118.5
13.46177 -15.68213 -118.5
13.35573 -15.63536 -118.5
13.24973 -15.58851 -118.5
13.1438 -15.54151 -118.5
13.038 -15.49421 -118.5
12.93236 -15.44653 -118.5
12.82689 -15.3985 -118.5
12.72154 -15.35022 -118.5
12.61625 -15.30177 -118.5
12.51102 -15.25323 -118.5
12.40581 -15.20462 -118.5
12.30063 -15.15596 -118.5
12.19549 -15.10721 -118.5
12.09042 -15.05831 -118.5
11.98543 -15.00922 -118.5
11.88051 -14.96 -118.5
11.77558 -14.9108 -118.5
11.67058 -14.86173 -118.5
11.5655 -14.81287 -118.5
11.46034 -14.76416 -118.5
11.35515 -14.7155 -118.5
11.24999 -14.66679 -118.5
11.14486 -14.61802 -118.5
11.03976 -14.56917 -118.5
10.9347 -14.52025 -118.5
10.82966 -14.47128 -118.5
10.72464 -14.42226 -118.5
10.61963 -14.37323 -118.5
10.51462 -14.3242 -118.5
10.40959 -14.27522 -118.5
10.30453 -14.22629 -118.5
10.19944 -14.17742 -118.5
10.09434 -14.12858 -118.5
9.989236 -14.07975 -118.5
9.884151 -14.03088 -118.5
9.779083 -13.98197 -118.5
9.674014 -13.93307 -118.5
9.568922 -13.88421 -118.5
9.463814 -13.83538 -118.5
9.358711 -13.78655 -118.5
9.25364 -13.73765 -118.5
9.14863 -13.68861 -118.5
9.043701 -13.63941 -118.5
8.93887 -13.59 -118.5
8.834179 -13.54029 -118.5
8.729701 -13.49014 -118.5
8.625501 -13.43942 -118.5
8.521593 -13.3881 -118.5
8.417928 -13.33629 -118.5
8.314418 -13.28416 -118.5
8.210981 -13.23189 -118.5
8.10756 -13.17959 -118.5
8.004132 -13.12731 -118.5
7.900694 -13.07504 -118.5
7.797256 -13.02277 -118.5
7.693815 -12.97051 -118.5
7.590376 -12.91824 -118.5
7.486965 -12.86592 -118.5
7.383598 -12.81351 -118.5
7.280255 -12.76106 -118.5
7.176889 -12.70865 -118.5
7.07348 -12.65632 -118.5
6.970045 -12.60405 -118.5
6.866612 -12.55177 -118.5
6.763192 -12.49947 -118.5
6.659778 -12.44715 -118.5
6.556359 -12.39485 -118.5
6.452934 -12.34255 -118.5
6.349502 -12.29027 -118.5
6.246052 -12.23803 -118.5
6.142579 -12.18583 -118.5
6.039097 -12.13365 -118.5
5.935634 -12.08143 -118.5
5.832199 -12.02916 -118.5
5.728786 -11.97684 -118.5
5.625388 -11.92449 -118.5
5.522006 -11.87211 -118.5
5.418654 -11.81968 -118.5
5.315342 -11.76716 -118.5
5.212058 -11.71459 -118.5
5.108775 -11.66201 -118.5
5.005477 -11.60947 -118.5
4.90221 -11.55687 -118.5
4.799071 -11.50402 -118.5
4.696152 -11.45074 -118.5
4.593498 -11.39695 -118.5
4.491092 -11.3427 -118.5
4.388875 -11.28808 -118.5
4.286776 -11.23324 -118.5
4.18473 -11.17831 -118.5
4.082698 -11.12335 -118.5
3.980665 -11.06839 -118.5
3.87863 -11.01343 -118.5
3.776589 -10.95848 -118.5
3.674518 -10.9036 -118.5
3.572396 -10.8488 -118.5
3.47024 -10.79407 -118.5
3.368113 -10.73928 -118.5
3.266096 -10.6843 -118.5
3.16424 -10.62901 -118.5
3.06257 -10.57339 -118.5
2.961112 -10.51738 -118.5
2.859898 -10.46093 -118.5
2.758971 -10.40397 -118.5
2.658361 -10.34645 -118.5
2.558051 -10.28841 -118.5
2.457955 -10.23 -118.5
2.357956 -10.17142 -118.5
2.257951 -10.11285 -118.5
2.157893 -10.05438 -118.5
2.057776 -9.995999 -118.5
1.957609 -9.937706 -118.5
1.857409 -9.879472 -118.5
1.757204 -9.821245 -118.5
1.657031 -9.762963 -118.5
1.556913 -9.704587 -118.5
1.456854 -9.646111 -118.5
1.356834 -9.587566 -118.5
1.256807 -9.529036 -118.5
1.156704 -9.470637 -118.5
1.056498 -9.412413 -118.5
0.956249 -9.354264 -118.5
0.8560514 -9.296025 -118.5
0.7559457 -9.237629 -118.5
0.6558954 -9.179138 -118.5
0.5558411 -9.120652 -118.5
0.4557498 -9.062232 -118.5
0.3556119 -9.00389 -118.5
0.255431 -8.945622 -118.5
0.1552361 -8.887378 -118.5
0.05507859 -8.82907 -118.5
-0.04500825 -8.770642 -118.5
-0.1450476 -8.712132 -118.5
-0.2451012 -8.653646 -118.5
-0.3452123 -8.595258 -118.5
-0.4453779 -8.536965 -118.5
-0.5455731 -8.478721 -118.5
-0.6457811 -8.4205 -118.5
-0.7459981 -8.362293 -118.5
-0.8462218 -8.3041 -118.5
-0.9464382 -8.245893 -118.5
-1.04661 -8.18761 -118.5
-1.146659 -8.129118 -118.5
-1.246457 -8.070206 -118.5
-1.345848 -8.010617 -118.5
-1.444699 -7.950142 -118.5
-1.542941 -7.888684 -118.5
-1.640577 -7.826264 -118.5
-1.737659 -7.762982 -118.5
-1.834281 -7.698996 -118.5
-1.930568 -7.6345 -118.5
-2.026644 -7.569688 -118.5
-2.122604 -7.504703 -118.5
-2.218491 -7.439611 -118.5
-2.31431 -7.374418 -118.5
-2.410067 -7.309136 -118.5
-2.505798 -7.243813 -118.5
-2.601541 -7.17851 -118.5
-2.697316 -7.113252 -118.5
-2.793117 -7.048033 -118.5
-2.888934 -6.982837 -118.5
-2.984766 -6.917664 -118.5
-3.080616 -6.852517 -118.5
-3.176481 -6.787391 -118.5
-3.272333 -6.722249 -118.5
-3.368152 -6.657056 -118.5
-3.463944 -6.591823 -118.5
-3.559739 -6.526595 -118.5
-3.655549 -6.46139 -118.5
-3.75136 -6.396185 -118.5
-3.847142 -6.330938 -118.5
-3.942898 -6.265654 -118.5
-4.038678 -6.200403 -118.5
-4.134529 -6.135258 -118.5
-4.230453 -6.07022 -118.5
-4.326399 -6.005215 -118.5
-4.422316 -5.940167 -118.5
-4.518175 -5.875033 -118.5
-4.613974 -5.80981 -118.5
-4.709732 -5.744528 -118.5
-4.805487 -5.679241 -118.5
-4.901269 -5.613995 -118.5
-4.997085 -5.548798 -118.5
-5.092916 -5.483623 -118.5
-5.188745 -5.418445 -118.5
-5.284566 -5.353257 -118.5
-5.380373 -5.288045 -118.5
-5.476081 -5.222694 -118.5
-5.571494 -5.156923 -118.5
-5.666359 -5.090371 -118.5
-5.760501 -5.022807 -118.5
-5.853917 -4.954237 -118.5
-5.946725 -4.884837 -118.5
-6.039055 -4.814798 -118.5
-6.130999 -4.74425 -118.5
-6.222616 -4.673278 -118.5
-6.313954 -4.601944 -118.5
-6.405045 -4.530296 -118.5
-6.49591 -4.458361 -118.5
-6.586561 -4.386156 -118.5
-6.677021 -4.313711 -118.5
-6.767333 -4.241081 -118.5
-6.857547 -4.16833 -118.5
-6.947686 -4.095486 -118.5
-7.037722 -4.022515 -118.5
-7.127573 -3.949318 -118.5
-7.217139 -3.875774 -118.5
-7.306346 -3.801796 -118.5
-7.395181 -3.727371 -118.5
-7.483689 -3.652555 -118.5
-7.571951 -3.577449 -118.5
-7.660059 -3.502161 -118.5
-7.748089 -3.426783 -118.5
-7.836089 -3.351368 -118.5
-7.924075 -3.275937 -118.5
-8.012048 -3.200491 -118.5
-8.10001 -3.125031 -118.5
-8.187965 -3.049564 -118.5
-8.275911 -2.974086 -118.5
-8.363822 -2.898569 -118.5
-8.451645 -2.822949 -118.5
-8.539288 -2.747123 -118.5
-8.626601 -2.67092 -118.5
-8.713366 -2.594102 -118.5
-8.799377 -2.516448 -118.5
-8.88455 -2.437875 -118.5
-8.968981 -2.358499 -118.5
-9.052875 -2.278547 -118.5
-9.136392 -2.1982 -118.5
-9.219583 -2.117515 -118.5
-9.302414 -2.036461 -118.5
-9.384825 -1.954981 -118.5
-9.466766 -1.87303 -118.5
-9.548198 -1.790573 -118.5
-9.629064 -1.707564 -118.5
-9.709256 -1.623907 -118.5
-9.788584 -1.53944 -118.5
-9.866823 -1.453974 -118.5
-9.943835 -1.367401 -118.5
-10.01969 -1.279803 -118.5
-10.09466 -1.191443 -118.5
-10.16913 -1.102642 -118.5
-10.24338 -1.013657 -118.5
-10.31759 -0.9246429 -118.5
-10.39186 -0.8356697 -118.5
-10.46619 -0.7467562 -118.5
-10.54059 -0.6578923 -118.5
-10.61501 -0.5690546 -118.5
-10.68944 -0.4802197 -118.5
-10.76386 -0.3913777 -118.5
-10.83828 -0.3025339 -118.5
-10.9127 -0.213693 -118.5
-10.98712 -0.1248493 -118.5
-11.06152 -0.03598472 -118.5
-11.1358 0.05296556 -118.5
-11.20974 0.1421979 -118.5
-11.2828 0.2321233 -118.5
-11.35423 0.3233048 -118.5
-11.4234 0.4161815 -118.5
-11.49022 0.5107863 -118.5
-11.55513 0.6067455 -118.5
-11.61884 0.703541 -118.5
-11.6819 0.8007703 -118.5
-11.74461 0.8982323 -118.5
-11.80704 0.9958674 -118.5
-11.86923 1.093662 -118.5
-11.93121 1.191592 -118.5
-11.99303 1.289619 -118.5
-12.05475 1.38771 -118.5
-12.11639 1.485855 -118.5
-12.1779 1.584078 -118.5
-12.23912 1.682474 -118.5
-12.29968 1.781265 -118.5
-12.35894 1.880817 -118.5
-12.41623 1.98149 -118.5
-12.47126 2.083419 -118.5
-12.52429 2.186423 -118.5
-12.57596 2.290142 -118.5
-12.6269 2.394235 -118.5
-12.67753 2.498484 -118.5
-12.72802 2.602801 -118.5
-12.77833 2.707204 -118.5
-12.82825 2.811789 -118.5
-12.87743 2.916717 -118.5
-12.92538 3.022196 -118.5
-12.97155 3.128445 -118.5
-13.0155 3.235617 -118.5
-13.05722 3.343689 -118.5
-13.09722 3.452433 -118.5
-13.13626 3.561542 -118.5
-13.17493 3.670793 -118.5
-13.21344 3.7801 -118.5
-13.25183 3.889449 -118.5
-13.29011 3.998841 -118.5
-13.32819 4.108298 -118.5
-13.36582 4.217901 -118.5
-13.40245 4.327828 -118.5
-13.43732 4.438301 -118.5
-13.46989 4.54946 -118.5
-13.50017 4.661281 -118.5
-13.52851 4.773625 -118.5
-13.55526 4.886365 -118.5
-13.5805 4.999453 -118.5
-13.60407 5.112895 -118.5
-13.62584 5.226695 -118.5
-13.64593 5.340811 -118.5
-13.66466 5.455167 -118.5
-13.68239 5.569689 -118.5
-13.69922 5.684346 -118.5
-13.71505 5.799142 -118.5
-13.72962 5.914098 -118.5
-13.74266 6.029232 -118.5
-13.75398 6.144544 -118.5
-13.76354 6.260016 -118.5
-13.77146 6.375618 -118.5
-13.77793 6.491315 -118.5
-13.78309 6.607078 -118.5
-13.78686 6.722886 -118.5
-13.78876 6.83871 -118.5
-13.78792 6.954495 -118.5
-13.78345 7.070156 -118.5
-13.77509 7.185613 -118.5
-13.76354 7.30085 -118.5
-13.74998 7.415916 -118.5
-13.73549 7.530894 -118.5
-13.72075 7.645844 -118.5
-13.70601 7.760797 -118.5
-13.69128 7.87575 -118.5
-13.67635 7.990675 -118.5
-13.66082 8.105514 -118.5
-13.64408 8.220162 -118.5
-13.62529 8.334451 -118.5
-13.60345 8.448143 -118.5
-13.57777 8.560993 -118.5
-13.54816 8.672894 -118.5
-13.5154 8.783977 -118.5
-13.48078 8.894548 -118.5
-13.44538 9.004896 -118.5
-13.40974 9.115172 -118.5
-13.37386 9.225368 -118.5
-13.33732 9.335333 -118.5
-13.29934 9.444775 -118.5
-13.25894 9.553297 -118.5
-13.21531 9.66053 -118.5
-13.16827 9.76632 -118.5
-13.11834 9.870822 -118.5
-13.06642 9.974399 -118.5
-13.0134 10.07744 -118.5
-12.95996 10.18027 -118.5
-12.90654 10.28312 -118.5
-12.85341 10.38612 -118.5
-12.80049 10.48922 -118.5
-12.74722 10.59212 -118.5
-12.69267 10.69431 -118.5
-12.63582 10.79519 -118.5
-12.57605 10.89435 -118.5
-12.51338 10.99173 -118.5
-12.44834 11.08758 -118.5
-12.38164 11.18232 -118.5
-12.31392 11.27636 -118.5
-12.24564 11.37 -118.5
-12.17711 11.46346 -118.5
-12.1085 11.55686 -118.5
-12.03982 11.65021 -118.5
-11.97098 11.74344 -118.5
-11.90178 11.8364 -118.5
-11.83194 11.92888 -118.5
-11.76113 12.0206 -118.5
-11.68899 12.11126 -118.5
-11.61522 12.20059 -118.5
-11.5396 12.28833 -118.5
-11.46183 12.37413 -118.5
-11.38144 12.45737 -118.5
-11.29763 12.53689 -118.5
-11.20932 12.61099 -118.5
-11.11656 12.67915 -118.5
-11.01832 12.73916 -118.5
-10.91462 12.78954 -118.5
-10.80656 12.83032 -118.5
-10.69449 12.85938 -118.5
-10.57877 12.86326 -118.5
-10.4648 12.84302 -118.5
