-10.22151 12.84743 -117.4993
-10.11147 12.8115 -117.4993
-10.00347 12.76961 -117.4993
-9.897651 12.72268 -117.4993
-9.794205 12.67096 -117.4993
-9.694146 12.61311 -117.4993
-9.597967 12.54902 -117.4993
-9.505925 12.47906 -117.4993
-9.418271 12.40367 -117.4993
-9.335352 12.3231 -117.4993
-9.257353 12.23771 -117.4993
-9.183939 12.14821 -117.4993
-9.114222 12.05563 -117.4993
-9.047117 11.96103 -117.4993
-8.981797 11.86515 -117.4993
-8.917963 11.76826 -117.4993
-8.855863 11.67027 -117.4993
-8.796134 11.57087 -117.4993
-8.739547 11.46971 -117.4993
-8.686734 11.36656 -117.4993
-8.638002 11.26143 -117.4993
-8.593298 11.1545 -117.4993
-8.552363 11.04604 -117.4993
-8.514969 10.9363 -117.4993
-8.480993 10.82544 -117.4993
-8.450247 10.71362 -117.4993
-8.422259 10.60105 -117.4993
-8.396296 10.48797 -117.4993
-8.371565 10.37458 -117.4993
-8.34738 10.26108 -117.4993
-8.32326 10.14755 -117.4993
-8.29897 10.03406 -117.4993
-8.274418 9.920632 -117.4993
-8.249412 9.807305 -117.4993
-8.223518 9.694189 -117.4993
-8.196164 9.581429 -117.4993
-8.166973 9.469138 -117.4993
-8.136072 9.357294 -117.4993
-8.104122 9.245732 -117.4993
-8.072027 9.134206 -117.4993
-8.040516 9.022515 -117.4993
-8.009884 8.910581 -117.4993
-7.980015 8.798435 -117.4993
-7.95061 8.686164 -117.4993
-7.921346 8.573856 -117.4993
-7.891871 8.461607 -117.4993
-7.861693 8.349555 -117.4993
-7.830124 8.237912 -117.4993
-7.796326 8.126962 -117.4993
-7.75954 8.017003 -117.4993
-7.719458 7.908201 -117.4993
-7.67649 7.800469 -117.4993
-7.631632 7.693463 -117.4993
-7.585985 7.586767 -117.4993
-7.540344 7.480063 -117.4993
-7.495101 7.373188 -117.4993
-7.450364 7.2661 -117.4993
-7.40608 7.158824 -117.4993
-7.36216 7.051398 -117.4993
-7.318641 6.943811 -117.4993
-7.275788 6.835963 -117.4993
-7.233933 6.727729 -117.4993
-7.193114 6.6191 -117.4993
-7.152824 6.510273 -117.4993
-7.112056 6.40164 -117.4993
-7.06968 6.293653 -117.4993
-7.024993 6.186613 -117.4993
-6.977994 6.080552 -117.4993
-6.929187 5.975284 -117.4993
-6.879206 5.87055 -117.4993
-6.828579 5.766119 -117.4993
-6.777678 5.661819 -117.4993
-6.726756 5.557528 -117.4993
-6.67595 5.453181 -117.4993
-6.625205 5.348805 -117.4993
-6.574192 5.244566 -117.4993
-6.522386 5.140729 -117.4993
-6.469344 5.037525 -117.4993
-6.414948 4.935025 -117.4993
-6.359406 4.833133 -117.4993
-6.303058 4.731677 -117.4993
-6.246214 4.630494 -117.4993
-6.189083 4.529471 -117.4993
-6.131763 4.428555 -117.4993
-6.07423 4.327761 -117.4993
-6.016372 4.227153 -117.4993
-5.958047 4.126819 -117.4993
-5.899135 4.026828 -117.4993
-5.839564 3.92723 -117.4993
-5.779289 3.828057 -117.4993
-5.718303 3.72932 -117.4993
-5.656682 3.630976 -117.4993
-5.594622 3.532905 -117.4993
-5.532404 3.434933 -117.4993
-5.470284 3.3369 -117.4993
-5.408395 3.23872 -117.4993
-5.346733 3.140397 -117.4993
-5.285191 3.041998 -117.4993
-5.223608 2.943626 -117.4993
-5.161828 2.845377 -117.4993
-5.099771 2.747304 -117.4993
-5.037431 2.649409 -117.4993
-4.974805 2.551698 -117.4993
-4.911819 2.454221 -117.4993
-4.848308 2.357088 -117.4993
-4.784052 2.260451 -117.4993
-4.718818 2.164479 -117.4993
-4.652385 2.069341 -117.4993
-4.584607 1.975161 -117.4993
-4.515537 1.881918 -117.4993
-4.445496 1.78939 -117.4993
-4.374941 1.697245 -117.4993
-4.304262 1.605191 -117.4993
-4.233741 1.513016 -117.4993
-4.163584 1.420567 -117.4993
-4.093891 1.327767 -117.4993
-4.0246 1.234664 -117.4993
-3.955546 1.141385 -117.4993
-3.886576 1.048042 -117.4993
-3.817596 0.9547063 -117.4993
-3.748492 0.8614651 -117.4993
-3.679012 0.7685107 -117.4993
-3.608729 0.6761777 -117.4993
-3.537132 0.5848827 -117.4993
-3.463841 0.4949564 -117.4993
-3.388829 0.4064495 -117.4993
-3.312467 0.3190816 -117.4993
-3.235317 0.2323886 -117.4993
-3.157885 0.1459392 -117.4993
-3.080483 0.0594606 -117.4993
-3.003255 -0.02717298 -117.4993
-2.926266 -0.114019 -117.4993
-2.849549 -0.2011052 -117.4993
-2.773088 -0.2884163 -117.4993
-2.6968 -0.3758796 -117.4993
-2.620552 -0.4633778 -117.4993
-2.544185 -0.5507714 -117.4993
-2.467534 -0.6379134 -117.4993
-2.390414 -0.7246363 -117.4993
-2.312594 -0.8107238 -117.4993
-2.233808 -0.8959166 -117.4993
-2.153847 -0.98 -117.4993
-2.072695 -1.062939 -117.4993
-1.990601 -1.144958 -117.4993
-1.908018 -1.226496 -117.4993
-1.825458 -1.308059 -117.4993
-1.743321 -1.390045 -117.4993
-1.661766 -1.47261 -117.4993
-1.580712 -1.555671 -117.4993
-1.499966 -1.639035 -117.4993
-1.419359 -1.722534 -117.4993
-1.33878 -1.806061 -117.4993
-1.258136 -1.889525 -117.4993
-1.177305 -1.972805 -117.4993
-1.096111 -2.055729 -117.4993
-1.014364 -2.138102 -117.4993
-0.9319423 -2.2198 -117.4993
-0.8488614 -2.300829 -117.4993
-0.7652444 -2.381308 -117.4993
-0.6812452 -2.461392 -117.4993
-0.5969959 -2.541214 -117.4993
-0.512598 -2.620881 -117.4993
-0.4281258 -2.700468 -117.4993
-0.343624 -2.780025 -117.4993
-0.2591119 -2.85957 -117.4993
-0.1745952 -2.939111 -117.4993
-0.09007559 -3.018648 -117.4993
-0.005553101 -3.098182 -117.4993
0.07897569 -3.17771 -117.4993
0.1635246 -3.257216 -117.4993
0.2481333 -3.336658 -117.4993
0.3328946 -3.415935 -117.4993
0.4179763 -3.494864 -117.4993
0.5035661 -3.573236 -117.4993
0.5897162 -3.650994 -117.4993
0.6762714 -3.728306 -117.4993
0.7630113 -3.805415 -117.4993
0.8498066 -3.882462 -117.4993
0.9366279 -3.95948 -117.4993
1.023487 -4.036456 -117.4993
1.110404 -4.113367 -117.4993
1.197401 -4.190187 -117.4993
1.284502 -4.266887 -117.4993
1.371732 -4.343442 -117.4993
1.459109 -4.419829 -117.4993
1.546636 -4.496044 -117.4993
1.634305 -4.572095 -117.4993
1.722096 -4.648006 -117.4993
1.809984 -4.723805 -117.4993
1.897942 -4.799522 -117.4993
1.985956 -4.875175 -117.4993
2.074032 -4.950754 -117.4993
2.162209 -5.026217 -117.4993
2.250524 -5.101516 -117.4993
2.338987 -5.176643 -117.4993
2.427567 -5.251632 -117.4993
2.516225 -5.326528 -117.4993
2.604933 -5.401365 -117.4993
2.693671 -5.476167 -117.4993
2.782427 -5.550948 -117.4993
2.871216 -5.625689 -117.4993
2.9601 -5.700317 -117.4993
3.049191 -5.774694 -117.4993
3.13861 -5.848675 -117.4993
3.228419 -5.922183 -117.4993
3.318579 -5.99526 -117.4993
3.408989 -6.068031 -117.4993
3.499534 -6.140634 -117.4993
3.590137 -6.213165 -117.4993
3.680758 -6.285675 -117.4993
3.771371 -6.358195 -117.4993
3.861945 -6.430763 -117.4993
3.952445 -6.503421 -117.4993
4.042843 -6.576208 -117.4993
4.133128 -6.649137 -117.4993
4.223326 -6.72217 -117.4993
4.313505 -6.795228 -117.4993
4.403723 -6.868238 -117.4993
4.493999 -6.941176 -117.4993
4.584321 -7.014058 -117.4993
4.67468 -7.086894 -117.4993
4.765085 -7.159672 -117.4993
4.855558 -7.232365 -117.4993
4.946133 -7.304932 -117.4993
5.036849 -7.377322 -117.4993
5.12774 -7.44949 -117.4993
5.218825 -7.521414 -117.4993
5.310093 -7.593106 -117.4993
5.401508 -7.664611 -117.4993
5.49303 -7.73598 -117.4993
5.584633 -7.807245 -117.4993
5.676319 -7.878401 -117.4993
5.768126 -7.949403 -117.4993
5.860105 -8.020179 -117.4993
5.952279 -8.090702 -117.4993
6.044605 -8.161026 -117.4993
6.137003 -8.231257 -117.4993
6.229412 -8.301474 -117.4993
6.321815 -8.371699 -117.4993
6.414225 -8.441913 -117.4993
6.506662 -8.512093 -117.4993
6.599138 -8.582221 -117.4993
6.691664 -8.652283 -117.4993
6.784258 -8.722255 -117.4993
6.876965 -8.792076 -117.4993
6.969874 -8.861626 -117.4993
7.063113 -8.930729 -117.4993
7.156786 -8.99924 -117.4993
7.250899 -9.067147 -117.4993
7.345337 -9.134606 -117.4993
7.439929 -9.201852 -117.4993
7.534536 -9.269077 -117.4993
7.629098 -9.336364 -117.4993
7.723628 -9.403699 -117.4993
7.818163 -9.471025 -117.4993
7.912728 -9.538311 -117.4993
8.007312 -9.605569 -117.4993
8.101896 -9.672825 -117.4993
8.196486 -9.740076 -117.4993
8.291107 -9.807281 -117.4993
8.385776 -9.874419 -117.4993
8.48047 -9.941523 -117.4993
8.57514 -10.00866 -117.4993
8.669755 -10.07587 -117.4993
8.764319 -10.14316 -117.4993
8.858857 -10.21048 -117.4993
8.953396 -10.2778 -117.4993
9.047963 -10.34508 -117.4993
9.142575 -10.4123 -117.4993
9.237237 -10.47945 -117.4993
9.33193 -10.54655 -117.4993
9.426617 -10.61367 -117.4993
9.521268 -10.68083 -117.4993
9.615882 -10.74805 -117.4993
9.710479 -10.81529 -117.4993
9.805068 -10.88254 -117.4993
9.899656 -10.94979 -117.4993
9.994251 -11.01703 -117.4993
10.08887 -11.08425 -117.4993
10.1835 -11.15143 -117.4993
10.27815 -11.21859 -117.4993
10.3728 -11.28576 -117.4993
10.46745 -11.35293 -117.4993
10.56209 -11.42011 -117.4993
10.65671 -11.48732 -117.4993
10.75129 -11.55457 -117.4993
10.84585 -11.62187 -117.4993
10.94041 -11.68916 -117.4993
11.03501 -11.7564 -117.4993
11.12962 -11.82362 -117.4993
11.22423 -11.89084 -117.4993
11.31882 -11.95809 -117.4993
11.41341 -12.02534 -117.4993
11.50802 -12.09256 -117.4993
11.60266 -12.15974 -117.4993
11.6973 -12.22692 -117.4993
11.79192 -12.29412 -117.4993
11.88652 -12.36136 -117.4993
11.9811 -12.42863 -117.4993
12.07566 -12.49592 -117.4993
12.17022 -12.56321 -117.4993
12.26479 -12.63048 -117.4993
12.35941 -12.69769 -117.4993
12.45409 -12.76482 -117.4993
12.54881 -12.83188 -117.4993
12.64354 -12.89894 -117.4993
12.73824 -12.96603 -117.4993
12.83289 -13.03319 -117.4993
12.92749 -13.10043 -117.4993
13.02205 -13.16772 -117.4993
13.11657 -13.23507 -117.4993
13.21108 -13.30243 -117.4993
13.30561 -13.36977 -117.4993
13.40016 -13.43707 -117.4993
13.49475 -13.50432 -117.4993
13.58938 -13.57151 -117.4993
13.68404 -13.63866 -117.4993
13.77872 -13.70579 -117.4993
13.8734 -13.7729 -117.4993
13.96811 -13.83999 -117.4993
14.06284 -13.90704 -117.4993
14.1576 -13.97405 -117.4993
14.25241 -14.04098 -117.4993
14.34733 -14.10778 -117.4993
14.44236 -14.1744 -117.4993
14.53744 -14.24094 -117.4993
14.63245 -14.30761 -117.4993
14.72721 -14.37461 -117.4993
14.82166 -14.44204 -117.4993
14.91586 -14.50984 -117.4993
15.00988 -14.57789 -117.4993
15.10378 -14.64609 -117.4993
15.19763 -14.71438 -117.4993
15.29144 -14.7827 -117.4993
15.38527 -14.85101 -117.4993
15.47915 -14.91925 -117.4993
15.57307 -14.98743 -117.4993
15.667 -15.0556 -117.4993
15.76091 -15.12379 -117.4993
15.85482 -15.19199 -117.4993
15.94874 -15.26018 -117.4993
16.04267 -15.32833 -117.4993
16.13663 -15.39647 -117.4993
16.23059 -15.4646 -117.4993
16.32451 -15.53277 -117.4993
16.41841 -15.60099 -117.4993
16.51227 -15.66925 -117.4993
16.60611 -15.73755 -117.4993
16.69988 -15.80593 -117.4993
16.79354 -15.87447 -117.4993
16.88702 -15.94325 -117.4993
16.98029 -16.01231 -117.4993
17.07335 -16.08167 -117.4993
17.16625 -16.15123 -117.4993
17.25905 -16.22093 -117.4993
17.35181 -16.29068 -117.4993
17.44455 -16.36045 -117.4993
17.53729 -16.43024 -117.4993
17.63002 -16.50002 -117.4993
17.72275 -16.56982 -117.4993
17.81546 -16.63964 -117.4993
17.90812 -16.70953 -117.4993
18.00062 -16.77961 -117.4993
18.0927 -16.85023 -117.4993
18.18381 -16.92203 -117.4993
18.27296 -16.99606 -117.4993
18.35834 -17.0738 -117.4993
18.43647 -17.15706 -117.4993
18.50043 -17.24709 -117.4993
18.5387 -17.34218 -117.4993
18.53842 -17.43478 -117.4993
18.49428 -17.51306 -117.4993
18.41369 -17.56809 -117.4993
18.31125 -17.5992 -117.4993
18.19932 -17.61187 -117.4993
18.08446 -17.61219 -117.4993
17.96928 -17.60387 -117.4993
17.85477 -17.58818 -117.4993
17.74151 -17.56521 -117.4993
17.62979 -17.53534 -117.4993
17.51955 -17.49985 -117.4993
17.41049 -17.4605 -117.4993
17.30227 -17.41869 -117.4993
17.19467 -17.37526 -117.4993
17.08754 -17.33064 -117.4993
16.98074 -17.28522 -117.4993
16.87415 -17.23932 -117.4993
16.76767 -17.19316 -117.4993
16.66122 -17.1469 -117.4993
16.5548 -17.1006 -117.4993
16.44838 -17.05429 -117.4993
16.34198 -17.00794 -117.4993
16.23561 -16.96151 -117.4993
16.12928 -16.915 -117.4993
16.02298 -16.86843 -117.4993
15.91666 -16.82189 -117.4993
15.8103 -16.77544 -117.4993
15.70388 -16.72912 -117.4993
15.59743 -16.68289 -117.4993
15.49096 -16.63669 -117.4993
15.38452 -16.59043 -117.4993
15.27813 -16.54406 -117.4993
15.17177 -16.4976 -117.4993
15.06542 -16.45113 -117.4993
14.95907 -16.40467 -117.4993
14.85272 -16.3582 -117.4993
14.74637 -16.31172 -117.4993
14.64001 -16.26527 -117.4993
14.53364 -16.21886 -117.4993
14.42726 -16.17245 -117.4993
14.32092 -16.12596 -117.4993
14.21464 -16.07934 -117.4993
14.1084 -16.0326 -117.4993
14.00219 -15.98582 -117.4993
13.89597 -15.93906 -117.4993
13.78974 -15.89232 -117.4993
13.68352 -15.84555 -117.4993
13.57736 -15.79865 -117.4993
13.47132 -15.75148 -117.4993
13.36544 -15.70395 -117.4993
13.25972 -15.65607 -117.4993
13.15411 -15.60794 -117.4993
13.04856 -15.55967 -117.4993
12.94303 -15.51138 -117.4993
12.83749 -15.4631 -117.4993
12.73194 -15.41484 -117.4993
12.62639 -15.36658 -117.4993
12.52085 -15.3183 -117.4993
12.41533 -15.26998 -117.4993
12.30982 -15.22162 -117.4993
12.20433 -15.17324 -117.4993
12.09882 -15.12488 -117.4993
11.99332 -15.07653 -117.4993
11.88784 -15.02811 -117.4993
11.78242 -14.97957 -117.4993
11.67708 -14.93086 -117.4993
11.5718 -14.882 -117.4993
11.46656 -14.83307 -117.4993
11.36131 -14.78417 -117.4993
11.25601 -14.73536 -117.4993
11.1507 -14.68659 -117.4993
11.04538 -14.63782 -117.4993
10.9401 -14.58898 -117.4993
10.83484 -14.54009 -117.4993
10.72959 -14.49117 -117.4993
10.62436 -14.44224 -117.4993
10.51914 -14.39326 -117.4993
10.41396 -14.3442 -117.4993
10.30882 -14.29506 -117.4993
10.20369 -14.24587 -117.4993
10.09856 -14.19672 -117.4993
9.993367 -14.14768 -117.4993
9.888105 -14.0988 -117.4993
9.782815 -14.04997 -117.4993
9.677562 -14.00107 -117.4993
9.572379 -13.95202 -117.4993
9.467245 -13.90286 -117.4993
9.362108 -13.85371 -117.4993
9.256944 -13.80461 -117.4993
9.151779 -13.75552 -117.4993
9.046681 -13.70629 -117.4993
8.941711 -13.65678 -117.4993
8.836905 -13.60693 -117.4993
8.732271 -13.55672 -117.4993
8.627798 -13.50617 -117.4993
8.523469 -13.45533 -117.4993
8.419272 -13.40422 -117.4993
8.315206 -13.35284 -117.4993
8.211277 -13.30118 -117.4993
8.107483 -13.24925 -117.4993
8.003796 -13.19711 -117.4993
7.900169 -13.14485 -117.4993
7.796563 -13.09255 -117.4993
7.692959 -13.04025 -117.4993
7.589359 -12.98793 -117.4993
7.485774 -12.93559 -117.4993
7.3822 -12.88322 -117.4993
7.278621 -12.83086 -117.4993
7.175021 -12.77855 -117.4993
7.071404 -12.72627 -117.4993
6.967787 -12.67399 -117.4993
6.864192 -12.62166 -117.4993
6.760641 -12.56925 -117.4993
6.657148 -12.51673 -117.4993
6.553707 -12.4641 -117.4993
6.450294 -12.41142 -117.4993
6.346888 -12.35872 -117.4993
6.243513 -12.30596 -117.4993
6.140222 -12.25304 -117.4993
6.037033 -12.19992 -117.4993
5.933908 -12.14668 -117.4993
5.830804 -12.09339 -117.4993
5.727717 -12.04008 -117.4993
5.624655 -11.98671 -117.4993
5.521606 -11.93332 -117.4993
5.418552 -11.87994 -117.4993
5.315495 -11.82656 -117.4993
5.212453 -11.77316 -117.4993
5.109429 -11.71972 -117.4993
5.006406 -11.66627 -117.4993
4.903371 -11.61286 -117.4993
4.800318 -11.55947 -117.4993
4.697253 -11.50611 -117.4993
4.594182 -11.45276 -117.4993
4.491129 -11.39938 -117.4993
4.388137 -11.34588 -117.4993
4.285261 -11.29216 -117.4993
4.182542 -11.23813 -117.4993
4.079997 -11.18378 -117.4993
3.977605 -11.12914 -117.4993
3.875325 -11.0743 -117.4993
3.773135 -11.01928 -117.4993
3.671049 -10.96407 -117.4993
3.569081 -10.90864 -117.4993
3.467191 -10.85307 -117.4993
3.365324 -10.79746 -117.4993
3.263465 -10.74183 -117.4993
3.161645 -10.68613 -117.4993
3.059898 -10.6303 -117.4993
2.958247 -10.57429 -117.4993
2.856733 -10.51804 -117.4993
2.755417 -10.46143 -117.4993
2.65435 -10.40438 -117.4993
2.553531 -10.3469 -117.4993
2.452922 -10.28904 -117.4993
2.352478 -10.2309 -117.4993
2.252165 -10.17253 -117.4993
2.151948 -10.114 -117.4993
2.051777 -10.05538 -117.4993
1.951602 -9.996776 -117.4993
1.851402 -9.938212 -117.4993
1.751193 -9.879664 -117.4993
1.651 -9.821089 -117.4993
1.550812 -9.762505 -117.4993
1.450591 -9.703976 -117.4993
1.350329 -9.64552 -117.4993
1.250064 -9.587067 -117.4993
1.149842 -9.528541 -117.4993
1.04967 -9.46993 -117.4993
0.9495219 -9.411277 -117.4993
0.8493764 -9.352621 -117.4993
0.7492332 -9.293959 -117.4993
0.6491113 -9.235262 -117.4993
0.5490293 -9.176496 -117.4993
0.4489812 -9.117674 -117.4993
0.3489354 -9.058847 -117.4993
0.2488557 -9.000078 -117.4993
0.1487198 -8.941405 -117.4993
0.04852752 -8.882828 -117.4993
-0.05169702 -8.824307 -117.4993
-0.1519107 -8.765766 -117.4993
-0.2520657 -8.707126 -117.4993
-0.3521325 -8.648336 -117.4993
-0.4521282 -8.589424 -117.4993
-0.5521186 -8.530504 -117.4993
-0.6521777 -8.4717 -117.4993
-0.7523369 -8.413068 -117.4993
-0.8525599 -8.354545 -117.4993
-0.9527685 -8.295996 -117.4993
-1.052892 -8.237302 -117.4993
-1.152871 -8.178365 -117.4993
-1.252608 -8.119025 -117.4993
-1.35192 -8.058991 -117.4993
-1.45059 -7.997918 -117.4993
-1.548486 -7.935616 -117.4993
-1.645661 -7.872185 -117.4993
-1.742301 -7.807929 -117.4993
-1.838609 -7.743168 -117.4993
-1.93472 -7.678112 -117.4993
-2.030714 -7.612883 -117.4993
-2.126662 -7.547587 -117.4993
-2.222637 -7.482329 -117.4993
-2.31869 -7.417187 -117.4993
-2.414829 -7.352171 -117.4993
-2.511015 -7.287225 -117.4993
-2.607198 -7.222274 -117.4993
-2.703345 -7.157271 -117.4993
-2.799446 -7.092198 -117.4993
-2.895505 -7.027065 -117.4993
-2.991535 -6.961888 -117.4993
-3.087545 -6.896681 -117.4993
-3.18354 -6.831453 -117.4993
-3.279533 -6.766222 -117.4993
-3.375541 -6.701014 -117.4993
-3.471567 -6.635831 -117.4993
-3.56761 -6.570674 -117.4993
-3.663675 -6.505548 -117.4993
-3.759759 -6.440452 -117.4993
-3.85583 -6.375335 -117.4993
-3.951841 -6.310132 -117.4993
-4.047789 -6.244835 -117.4993
-4.143713 -6.179501 -117.4993
-4.23966 -6.114203 -117.4993
-4.335646 -6.048962 -117.4993
-4.431644 -5.983739 -117.4993
-4.527632 -5.9185 -117.4993
-4.623618 -5.853259 -117.4993
-4.719628 -5.788052 -117.4993
-4.815658 -5.722875 -117.4993
-4.911673 -5.657677 -117.4993
-5.007618 -5.592376 -117.4993
-5.103444 -5.5269 -117.4993
-5.199097 -5.461173 -117.4993
-5.294488 -5.395072 -117.4993
-5.389477 -5.328399 -117.4993
-5.483868 -5.260894 -117.4993
-5.577462 -5.192298 -117.4993
-5.670152 -5.122489 -117.4993
-5.761996 -5.05156 -117.4993
-5.853184 -4.979779 -117.4993
-5.943945 -4.907449 -117.4993
-6.034457 -4.834806 -117.4993
-6.124841 -4.762001 -117.4993
-6.215165 -4.689123 -117.4993
-6.305468 -4.616218 -117.4993
-6.395767 -4.543309 -117.4993
-6.486072 -4.470406 -117.4993
-6.576381 -4.397508 -117.4993
-6.666686 -4.324606 -117.4993
-6.756987 -4.251698 -117.4993
-6.847284 -4.178786 -117.4993
-6.93758 -4.105872 -117.4993
-7.027876 -4.032959 -117.4993
-7.118174 -3.960047 -117.4993
-7.208475 -3.887141 -117.4993
-7.298778 -3.814235 -117.4993
-7.389063 -3.741308 -117.4993
-7.479294 -3.668314 -117.4993
-7.569406 -3.595174 -117.4993
-7.659308 -3.521778 -117.4993
-7.748889 -3.447993 -117.4993
-7.838055 -3.37371 -117.4993
-7.926793 -3.298913 -117.4993
-8.015187 -3.223709 -117.4993
-8.103374 -3.148259 -117.4993
-8.191431 -3.072658 -117.4993
-8.279316 -2.996858 -117.4993
-8.366878 -2.920689 -117.4993
-8.45392 -2.843932 -117.4993
-8.54026 -2.766393 -117.4993
-8.625804 -2.687978 -117.4993
-8.710599 -2.608747 -117.4993
-8.794808 -2.528889 -117.4993
-8.878642 -2.448632 -117.4993
-8.962264 -2.368153 -117.4993
-9.04577 -2.287553 -117.4993
-9.129185 -2.206858 -117.4993
-9.212461 -2.12602 -117.4993
-9.295478 -2.04492 -117.4993
-9.378067 -1.963387 -117.4993
-9.460053 -1.881252 -117.4993
-9.541312 -1.798401 -117.4993
-9.621774 -1.714776 -117.4993
-9.701411 -1.630366 -117.4993
-9.780237 -1.545196 -117.4993
-9.858328 -1.459348 -117.4993
-9.935848 -1.372981 -117.4993
-10.01301 -1.28629 -117.4993
-10.08999 -1.199434 -117.4993
-10.16686 -1.112481 -117.4993
-10.24358 -1.025398 -117.4993
-10.32002 -0.938069 -117.4993
-10.396 -0.8503501 -117.4993
-10.47144 -0.7621583 -117.4993
-10.54635 -0.6735192 -117.4993
-10.62086 -0.5845359 -117.4993
-10.69509 -0.4953155 -117.4993
-10.76909 -0.40591 -117.4993
-10.84282 -0.3162851 -117.4993
-10.91613 -0.2263143 -117.4993
-10.98878 -0.135822 -117.4993
-11.06061 -0.04467637 -117.4993
-11.13157 0.04714964 -117.4993
-11.20166 0.1396415 -117.4993
-11.27075 0.2328754 -117.4993
-11.33853 0.3270461 -117.4993
-11.40473 0.4223274 -117.4993
-11.46932 0.5187154 -117.4993
-11.53254 0.6160229 -117.4993
-11.59473 0.7140014 -117.4993
-11.65618 0.812454 -117.4993
-11.71705 0.9112649 -117.4993
-11.77744 1.010369 -117.4993
-11.83745 1.109709 -117.4993
-11.89718 1.209219 -117.4993
-11.95675 1.308825 -117.4993
-12.01623 1.408481 -117.4993
-12.07565 1.508179 -117.4993
-12.13498 1.607927 -117.4993
-12.19422 1.707724 -117.4993
-12.25341 1.807559 -117.4993
-12.31251 1.907442 -117.4993
-12.37135 2.007473 -117.4993
-12.4295 2.107892 -117.4993
-12.48629 2.209064 -117.4993
-12.54103 2.311328 -117.4993
-12.59344 2.41481 -117.4993
-12.64375 2.519354 -117.4993
-12.69255 2.624631 -117.4993
-12.74049 2.73032 -117.4993
-12.7879 2.836249 -117.4993
-12.83475 2.942426 -117.4993
-12.88068 3.048993 -117.4993
-12.92523 3.15613 -117.4993
-12.96804 3.263968 -117.4993
-13.00893 3.372546 -117.4993
-13.04804 3.481786 -117.4993
-13.08584 3.591503 -117.4993
-13.12294 3.701465 -117.4993
-13.1599 3.81148 -117.4993
-13.19697 3.92146 -117.4993
-13.23405 4.031435 -117.4993
-13.27073 4.141536 -117.4993
-13.30645 4.251942 -117.4993
-13.34071 4.362802 -117.4993
-13.37323 4.474181 -117.4993
-13.40398 4.586062 -117.4993
-13.43306 4.698394 -117.4993
-13.46063 4.811112 -117.4993
-13.4869 4.924143 -117.4993
-13.51193 5.037453 -117.4993
-13.53545 5.151072 -117.4993
-13.55701 5.265065 -117.4993
-13.57642 5.379445 -117.4993
-13.59372 5.494166 -117.4993
-13.60893 5.60918 -117.4993
-13.62182 5.724465 -117.4993
-13.63238 5.839995 -117.4993
-13.64104 5.955702 -117.4993
-13.64845 6.071512 -117.4993
-13.65503 6.187378 -117.4993
-13.66091 6.303284 -117.4993
-13.66623 6.419219 -117.4993
-13.67124 6.535169 -117.4993
-13.67615 6.651124 -117.4993
-13.68098 6.767078 -117.4993
-13.68533 6.883033 -117.4993
-13.68808 6.998977 -117.4993
-13.68764 7.114861 -117.4993
-13.68272 7.230591 -117.4993
-13.67332 7.346097 -117.4993
-13.66072 7.46139 -117.4993
-13.64645 7.576546 -117.4993
-13.63154 7.691638 -117.4993
-13.61639 7.806703 -117.4993
-13.60104 7.921741 -117.4993
-13.58525 8.036715 -117.4993
-13.56846 8.151528 -117.4993
-13.54979 8.26601 -117.4993
-13.52814 8.379908 -117.4993
-13.50266 8.492974 -117.4993
-13.47325 8.605103 -117.4993
-13.44071 8.716426 -117.4993
-13.40627 8.827227 -117.4993
-13.37095 8.937776 -117.4993
-13.33529 9.048218 -117.4993
-13.29936 9.158575 -117.4993
-13.26298 9.268777 -117.4993
-13.2257 9.378668 -117.4993
-13.18688 9.487998 -117.4993
-13.14576 9.596446 -117.4993
-13.1017 9.703701 -117.4993
-13.05448 9.809608 -117.4993
-13.00447 9.914259 -117.4993
-12.95244 10.01796 -117.4993
-12.89919 10.12107 -117.4993
-12.8453 10.22386 -117.4993
-12.7911 10.32649 -117.4993
-12.73679 10.42905 -117.4993
-12.68242 10.53159 -117.4993
-12.62787 10.63403 -117.4993
-12.57282 10.73619 -117.4993
-12.51673 10.83776 -117.4993
-12.45889 10.93831 -117.4993
-12.39864 11.0374 -117.4993
-12.33559 11.13472 -117.4993
-12.26988 11.23029 -117.4993
-12.20207 11.32442 -117.4993
-12.13279 11.4175 -117.4993
-12.06249 11.50983 -117.4993
-11.99147 11.60161 -117.4993
-11.92004 11.69309 -117.4993
-11.84851 11.78448 -117.4993
-11.77707 11.87595 -117.4993
-11.70572 11.96748 -117.4993
-11.63421 12.05889 -117.4993
-11.56222 12.14991 -117.4993
-11.48933 12.24019 -117.4993
-11.41499 12.32923 -117.4993
-11.33837 12.41621 -117.4993
-11.25849 12.50003 -117.4993
-11.17444 12.57942 -117.4993
-11.08548 12.65293 -117.4993
-10.99195 12.72024 -117.4993
-10.89289 12.779 -117.4993
-10.78805 12.82687 -117.4993
-10.67836 12.8632 -117.4993
-10.56468 12.88621 -117.4993
-10.44865 12.89084 -117.4993
-10.33374 12.87549 -117.4993
