-9.944067 12.87444 -116.5
-9.835539 12.83352 -116.5
-9.730157 12.78534 -116.5
-9.628186 12.73046 -116.5
-9.529375 12.67007 -116.5
-9.434395 12.60372 -116.5
-9.343413 12.53195 -116.5
-9.256721 12.45506 -116.5
-9.17461 12.37328 -116.5
-9.097067 12.28708 -116.5
-9.023625 12.19723 -116.5
-8.953407 12.10471 -116.5
-8.885301 12.01054 -116.5
-8.818359 11.91549 -116.5
-8.752353 11.81981 -116.5
-8.688071 11.72304 -116.5
-8.626976 11.62436 -116.5
-8.570359 11.52313 -116.5
-8.518677 11.41927 -116.5
-8.471606 11.31318 -116.5
-8.428583 11.20532 -116.5
-8.389232 11.09604 -116.5
-8.35339 10.98554 -116.5
-8.320908 10.874 -116.5
-8.291524 10.76158 -116.5
-8.264842 10.64847 -116.5
-8.24033 10.53485 -116.5
-8.217325 10.42089 -116.5
-8.195143 10.30675 -116.5
-8.173197 10.19257 -116.5
-8.151053 10.07842 -116.5
-8.128369 9.964385 -116.5
-8.104832 9.850527 -116.5
-8.080136 9.736921 -116.5
-8.054043 9.623632 -116.5
-8.026468 9.510694 -116.5
-7.997526 9.398093 -116.5
-7.967558 9.285755 -116.5
-7.937096 9.173544 -116.5
-7.906724 9.061309 -116.5
-7.876857 8.948939 -116.5
-7.847575 8.836415 -116.5
-7.818647 8.723796 -116.5
-7.789722 8.611177 -116.5
-7.760508 8.498633 -116.5
-7.730788 8.386225 -116.5
-7.700208 8.274065 -116.5
-7.668004 8.162406 -116.5
-7.632995 8.05167 -116.5
-7.594173 7.94226 -116.5
-7.551559 7.834231 -116.5
-7.506363 7.727172 -116.5
-7.460188 7.62048 -116.5
-7.414166 7.513708 -116.5
-7.368796 7.406657 -116.5
-7.324266 7.299256 -116.5
-7.280656 7.191477 -116.5
-7.237913 7.083351 -116.5
-7.195879 6.974943 -116.5
-7.154463 6.866298 -116.5
-7.113684 6.757413 -116.5
-7.073539 6.648291 -116.5
-7.033837 6.539008 -116.5
-6.99408 6.42975 -116.5
-6.953478 6.320822 -116.5
-6.911159 6.212576 -116.5
-6.866572 6.105255 -116.5
-6.819801 5.998851 -116.5
-6.771487 5.893113 -116.5
-6.722427 5.787701 -116.5
-6.673171 5.682375 -116.5
-6.623828 5.577093 -116.5
-6.57406 5.472018 -116.5
-6.523307 5.367428 -116.5
-6.471208 5.263505 -116.5
-6.417914 5.160179 -116.5
-6.363945 5.057193 -116.5
-6.3098 4.954295 -116.5
-6.255732 4.851355 -116.5
-6.201759 4.748365 -116.5
-6.147752 4.645394 -116.5
-6.093556 4.542522 -116.5
-6.039058 4.43981 -116.5
-5.98415 4.33732 -116.5
-5.928598 4.235185 -116.5
-5.872007 4.133632 -116.5
-5.814016 4.032882 -116.5
-5.754538 3.933 -116.5
-5.693822 3.833853 -116.5
-5.632293 3.735198 -116.5
-5.570354 3.636794 -116.5
-5.508262 3.538486 -116.5
-5.446116 3.440211 -116.5
-5.383926 3.341964 -116.5
-5.321687 3.243749 -116.5
-5.259385 3.145573 -116.5
-5.196996 3.047452 -116.5
-5.134515 2.949391 -116.5
-5.071979 2.851364 -116.5
-5.009461 2.753325 -116.5
-4.94705 2.655219 -116.5
-4.884837 2.556988 -116.5
-4.822839 2.458621 -116.5
-4.760919 2.360205 -116.5
-4.698785 2.261927 -116.5
-4.636109 2.163997 -116.5
-4.572635 2.066588 -116.5
-4.508157 1.969847 -116.5
-4.442472 1.873928 -116.5
-4.375465 1.778929 -116.5
-4.307258 1.684781 -116.5
-4.238228 1.591223 -116.5
-4.168816 1.497941 -116.5
-4.099341 1.404705 -116.5
-4.02995 1.311405 -116.5
-3.960689 1.218008 -116.5
-3.891564 1.124511 -116.5
-3.822536 1.030942 -116.5
-3.753498 0.9373807 -116.5
-3.684272 0.8439602 -116.5
-3.614629 0.750854 -116.5
-3.544294 0.6582779 -116.5
-3.47295 0.5664878 -116.5
-3.400306 0.4757345 -116.5
-3.32621 0.386166 -116.5
-3.250747 0.2977366 -116.5
-3.17424 0.2101948 -116.5
-3.097133 0.1231696 -116.5
-3.019843 0.03630166 -116.5
-2.942647 -0.05064996 -116.5
-2.865648 -0.1377769 -116.5
-2.788835 -0.2250679 -116.5
-2.712161 -0.3124815 -116.5
-2.635596 -0.3999897 -116.5
-2.559111 -0.4875692 -116.5
-2.482645 -0.5751643 -116.5
-2.406077 -0.6626701 -116.5
-2.329242 -0.7499389 -116.5
-2.251938 -0.8367876 -116.5
-2.173945 -0.9230124 -116.5
-2.095077 -1.008432 -116.5
-2.015264 -1.092969 -116.5
-1.934635 -1.176735 -116.5
-1.853517 -1.260036 -116.5
-1.772279 -1.343223 -116.5
-1.691161 -1.426528 -116.5
-1.61022 -1.510005 -116.5
-1.529401 -1.593601 -116.5
-1.448613 -1.677228 -116.5
-1.367792 -1.760822 -116.5
-1.286907 -1.844354 -116.5
-1.205923 -1.92779 -116.5
-1.124752 -2.011042 -116.5
-1.043246 -2.093964 -116.5
-0.9612691 -2.176418 -116.5
-0.8787762 -2.258357 -116.5
-0.7958406 -2.339849 -116.5
-0.7126113 -2.421044 -116.5
-0.6292309 -2.502085 -116.5
-0.5457714 -2.583046 -116.5
-0.4622287 -2.663919 -116.5
-0.3785495 -2.744652 -116.5
-0.2946662 -2.825171 -116.5
-0.2105394 -2.905436 -116.5
-0.1261831 -2.985461 -116.5
-0.0416501 -3.065299 -116.5
0.0430067 -3.145006 -116.5
0.127761 -3.224609 -116.5
0.212618 -3.304103 -116.5
0.2976045 -3.383459 -116.5
0.3827617 -3.46263 -116.5
0.4681519 -3.541549 -116.5
0.5538567 -3.620125 -116.5
0.6399383 -3.698287 -116.5
0.7263999 -3.776029 -116.5
0.8132002 -3.853393 -116.5
0.9003048 -3.930415 -116.5
0.9877053 -4.007102 -116.5
1.075387 -4.083467 -116.5
1.163293 -4.159575 -116.5
1.251337 -4.235524 -116.5
1.339437 -4.311408 -116.5
1.427549 -4.387279 -116.5
1.51566 -4.46315 -116.5
1.603776 -4.539017 -116.5
1.6919 -4.614873 -116.5
1.780024 -4.69073 -116.5
1.868127 -4.76661 -116.5
1.956182 -4.842547 -116.5
2.044168 -4.918564 -116.5
2.132079 -4.994666 -116.5
2.219921 -5.07085 -116.5
2.3077 -5.147105 -116.5
2.395425 -5.223422 -116.5
2.483108 -5.299788 -116.5
2.570766 -5.376183 -116.5
2.658424 -5.452577 -116.5
2.746126 -5.528921 -116.5
2.833933 -5.605143 -116.5
2.921933 -5.681142 -116.5
3.010221 -5.756804 -116.5
3.098864 -5.832049 -116.5
3.187856 -5.906881 -116.5
3.277119 -5.981392 -116.5
3.366549 -6.055704 -116.5
3.456063 -6.129915 -116.5
3.545613 -6.204083 -116.5
3.635178 -6.278232 -116.5
3.724771 -6.352348 -116.5
3.814443 -6.426367 -116.5
3.904284 -6.500179 -116.5
3.994376 -6.573686 -116.5
4.084743 -6.646854 -116.5
4.175336 -6.719742 -116.5
4.266072 -6.792454 -116.5
4.356876 -6.86508 -116.5
4.447703 -6.937678 -116.5
4.538533 -7.010273 -116.5
4.629362 -7.082868 -116.5
4.720196 -7.155458 -116.5
4.811043 -7.228032 -116.5
4.901924 -7.300562 -116.5
4.992882 -7.372996 -116.5
5.083982 -7.44525 -116.5
5.175291 -7.517238 -116.5
5.266837 -7.588926 -116.5
5.358574 -7.660369 -116.5
5.450404 -7.731694 -116.5
5.542239 -7.803013 -116.5
5.634052 -7.87436 -116.5
5.725861 -7.945713 -116.5
5.817685 -8.017046 -116.5
5.909524 -8.08836 -116.5
6.00138 -8.159652 -116.5
6.093264 -8.230908 -116.5
6.18521 -8.302082 -116.5
6.277274 -8.373104 -116.5
6.369519 -8.44389 -116.5
6.461981 -8.514392 -116.5
6.554637 -8.58464 -116.5
6.647401 -8.654744 -116.5
6.740189 -8.72482 -116.5
6.832985 -8.794883 -116.5
6.925866 -8.864834 -116.5
7.018946 -8.934516 -116.5
7.112317 -9.003808 -116.5
7.206005 -9.072671 -116.5
7.299974 -9.141151 -116.5
7.394161 -9.209332 -116.5
7.488518 -9.277278 -116.5
7.58302 -9.345022 -116.5
7.677648 -9.412591 -116.5
7.772372 -9.480026 -116.5
7.867158 -9.547371 -116.5
7.961971 -9.614682 -116.5
8.056779 -9.681997 -116.5
8.151574 -9.749332 -116.5
8.246365 -9.816673 -116.5
8.341168 -9.883996 -116.5
8.435981 -9.951306 -116.5
8.53079 -10.01862 -116.5
8.625584 -10.08596 -116.5
8.720361 -10.15332 -116.5
8.815125 -10.2207 -116.5
8.909887 -10.28808 -116.5
9.004656 -10.35545 -116.5
9.099428 -10.42282 -116.5
9.194197 -10.49019 -116.5
9.288982 -10.55753 -116.5
9.383786 -10.62486 -116.5
9.478582 -10.69219 -116.5
9.573349 -10.75956 -116.5
9.668108 -10.82695 -116.5
9.7629 -10.89429 -116.5
9.85774 -10.96156 -116.5
9.952618 -11.02878 -116.5
10.04751 -11.09598 -116.5
10.14238 -11.1632 -116.5
10.23723 -11.23046 -116.5
10.33202 -11.2978 -116.5
10.42676 -11.36522 -116.5
10.52146 -11.43268 -116.5
10.61615 -11.50017 -116.5
10.71084 -11.56764 -116.5
10.80555 -11.6351 -116.5
10.90028 -11.70253 -116.5
10.99504 -11.76991 -116.5
11.08985 -11.83723 -116.5
11.18468 -11.90451 -116.5
11.27952 -11.97179 -116.5
11.37431 -12.03912 -116.5
11.46906 -12.10652 -116.5
11.56378 -12.17396 -116.5
11.65852 -12.24137 -116.5
11.75329 -12.30874 -116.5
11.84811 -12.37604 -116.5
11.94294 -12.44332 -116.5
12.03778 -12.5106 -116.5
12.13261 -12.57788 -116.5
12.22742 -12.6452 -116.5
12.32221 -12.71255 -116.5
12.41699 -12.7799 -116.5
12.51179 -12.84722 -116.5
12.60662 -12.9145 -116.5
12.70146 -12.98178 -116.5
12.79628 -13.04908 -116.5
12.89105 -13.11645 -116.5
12.98579 -13.18387 -116.5
13.08052 -13.25129 -116.5
13.17527 -13.31869 -116.5
13.27005 -13.38604 -116.5
13.36487 -13.45334 -116.5
13.45973 -13.52059 -116.5
13.55461 -13.58779 -116.5
13.64951 -13.65498 -116.5
13.74438 -13.72221 -116.5
13.8392 -13.78951 -116.5
13.93393 -13.85694 -116.5
14.02858 -13.92448 -116.5
14.12317 -13.9921 -116.5
14.21772 -14.05978 -116.5
14.31222 -14.12752 -116.5
14.40666 -14.19535 -116.5
14.50102 -14.2633 -116.5
14.59531 -14.33134 -116.5
14.68953 -14.39947 -116.5
14.78367 -14.46772 -116.5
14.87767 -14.53616 -116.5
14.97146 -14.60488 -116.5
15.06506 -14.67387 -116.5
15.15859 -14.74295 -116.5
15.25224 -14.81187 -116.5
15.3461 -14.88049 -116.5
15.44019 -14.94881 -116.5
15.53443 -15.01691 -116.5
15.62874 -15.08493 -116.5
15.72303 -15.15296 -116.5
15.81728 -15.22107 -116.5
15.91145 -15.28927 -116.5
16.00556 -15.35756 -116.5
16.09962 -15.42592 -116.5
16.19366 -15.4943 -116.5
16.28769 -15.5627 -116.5
16.3817 -15.63113 -116.5
16.47569 -15.69958 -116.5
16.56973 -15.76796 -116.5
16.66385 -15.83623 -116.5
16.75804 -15.90442 -116.5
16.8522 -15.97264 -116.5
16.94622 -16.04105 -116.5
17.04003 -16.10975 -116.5
17.13356 -16.17883 -116.5
17.2268 -16.24829 -116.5
17.31982 -16.31805 -116.5
17.41271 -16.38799 -116.5
17.50558 -16.45795 -116.5
17.59849 -16.52787 -116.5
17.69145 -16.59773 -116.5
17.78442 -16.66755 -116.5
17.87738 -16.7374 -116.5
17.97027 -16.80734 -116.5
18.06299 -16.8775 -116.5
18.15533 -16.94814 -116.5
18.24681 -17.01982 -116.5
18.33637 -17.0936 -116.5
18.42169 -17.1712 -116.5
18.49772 -17.25493 -116.5
18.55513 -17.34618 -116.5
18.58128 -17.44208 -116.5
18.56608 -17.53313 -116.5
18.50915 -17.60673 -116.5
18.42065 -17.65535 -116.5
18.31448 -17.68059 -116.5
18.20112 -17.68912 -116.5
18.08585 -17.68661 -116.5
17.97076 -17.67542 -116.5
17.85671 -17.65603 -116.5
17.74407 -17.62913 -116.5
17.63277 -17.59637 -116.5
17.52249 -17.55987 -116.5
17.41285 -17.52125 -116.5
17.30368 -17.48127 -116.5
17.19507 -17.43985 -116.5
17.08714 -17.39669 -116.5
16.97988 -17.35186 -116.5
16.87313 -17.30581 -116.5
16.76662 -17.25918 -116.5
16.66014 -17.21247 -116.5
16.55359 -17.16592 -116.5
16.44698 -17.1195 -116.5
16.34036 -17.07312 -116.5
16.23376 -17.02668 -116.5
16.12718 -16.98019 -116.5
16.0206 -16.93371 -116.5
15.914 -16.88727 -116.5
15.80739 -16.84084 -116.5
15.70083 -16.79433 -116.5
15.59433 -16.74767 -116.5
15.48786 -16.70091 -116.5
15.3814 -16.65416 -116.5
15.27491 -16.60748 -116.5
15.16837 -16.56091 -116.5
15.06179 -16.51442 -116.5
14.95518 -16.46799 -116.5
14.84858 -16.42157 -116.5
14.742 -16.37508 -116.5
14.63547 -16.32849 -116.5
14.52897 -16.28182 -116.5
14.42245 -16.23519 -116.5
14.31589 -16.18866 -116.5
14.20933 -16.14214 -116.5
14.10281 -16.09551 -116.5
13.99637 -16.04871 -116.5
13.88999 -16.00178 -116.5
13.78365 -15.95474 -116.5
13.67738 -15.90755 -116.5
13.57123 -15.8601 -116.5
13.46525 -15.81227 -116.5
13.35945 -15.76404 -116.5
13.25378 -15.71553 -116.5
13.14816 -15.6669 -116.5
13.04255 -15.61825 -116.5
12.93698 -15.56953 -116.5
12.83146 -15.52067 -116.5
12.72601 -15.47169 -116.5
12.62056 -15.42269 -116.5
12.51507 -15.37379 -116.5
12.40948 -15.32509 -116.5
12.30381 -15.27659 -116.5
12.19807 -15.22823 -116.5
12.0923 -15.17992 -116.5
11.98655 -15.13159 -116.5
11.88081 -15.0832 -116.5
11.77509 -15.03479 -116.5
11.66937 -14.9864 -116.5
11.56363 -14.93804 -116.5
11.45788 -14.88968 -116.5
11.35216 -14.84128 -116.5
11.24646 -14.79283 -116.5
11.14077 -14.74436 -116.5
11.03507 -14.6959 -116.5
10.92939 -14.64742 -116.5
10.82373 -14.59887 -116.5
10.71813 -14.55021 -116.5
10.61256 -14.50147 -116.5
10.507 -14.45271 -116.5
10.40144 -14.40396 -116.5
10.29589 -14.35517 -116.5
10.19042 -14.30622 -116.5
10.08504 -14.25708 -116.5
9.979694 -14.20787 -116.5
9.874291 -14.15878 -116.5
9.768791 -14.1099 -116.5
9.663234 -14.06114 -116.5
9.557706 -14.01231 -116.5
9.452281 -13.96327 -116.5
9.346991 -13.91393 -116.5
9.241844 -13.8643 -116.5
9.136828 -13.81438 -116.5
9.031937 -13.7642 -116.5
8.927177 -13.71375 -116.5
8.822544 -13.66304 -116.5
8.718006 -13.61213 -116.5
8.613499 -13.56116 -116.5
8.508977 -13.51021 -116.5
8.40445 -13.45928 -116.5
8.299952 -13.40829 -116.5
8.195505 -13.3572 -116.5
8.0911 -13.30601 -116.5
7.986746 -13.25473 -116.5
7.882481 -13.20326 -116.5
7.778369 -13.15149 -116.5
7.674457 -13.09932 -116.5
7.570765 -13.04671 -116.5
7.467269 -12.99372 -116.5
7.363902 -12.94047 -116.5
7.26058 -12.88714 -116.5
7.157245 -12.83383 -116.5
7.0539 -12.78054 -116.5
6.95059 -12.72718 -116.5
6.847348 -12.67369 -116.5
6.744149 -12.62012 -116.5
6.640928 -12.56659 -116.5
6.537627 -12.51321 -116.5
6.43424 -12.46001 -116.5
6.330815 -12.40687 -116.5
6.227414 -12.35369 -116.5
6.124067 -12.3004 -116.5
6.020763 -12.24703 -116.5
5.917468 -12.19365 -116.5
5.814146 -12.14031 -116.5
5.710772 -12.08708 -116.5
5.607343 -12.03395 -116.5
5.50389 -11.98087 -116.5
5.400472 -11.92772 -116.5
5.29714 -11.87441 -116.5
5.193893 -11.82093 -116.5
5.090691 -11.76736 -116.5
4.987482 -11.71381 -116.5
4.884235 -11.66033 -116.5
4.780949 -11.60693 -116.5
4.677637 -11.55357 -116.5
4.574317 -11.50023 -116.5
4.471013 -11.44686 -116.5
4.367773 -11.39337 -116.5
4.264673 -11.33961 -116.5
4.161791 -11.28544 -116.5
4.05916 -11.23079 -116.5
3.956746 -11.17574 -116.5
3.85449 -11.12039 -116.5
3.752347 -11.06483 -116.5
3.650282 -11.00913 -116.5
3.548254 -10.95336 -116.5
3.446214 -10.89761 -116.5
3.344135 -10.84193 -116.5
3.242025 -10.78631 -116.5
3.139921 -10.73068 -116.5
3.037867 -10.67496 -116.5
2.935906 -10.61907 -116.5
2.834091 -10.56291 -116.5
2.732507 -10.50634 -116.5
2.631245 -10.4492 -116.5
2.530351 -10.39142 -116.5
2.429776 -10.33307 -116.5
2.329388 -10.2744 -116.5
2.229054 -10.21564 -116.5
2.12871 -10.1569 -116.5
2.028365 -10.09815 -116.5
1.928039 -10.03937 -116.5
1.827713 -9.980597 -116.5
1.72734 -9.9219 -116.5
1.626911 -9.8633 -116.5
1.526476 -9.80471 -116.5
1.426104 -9.746012 -116.5
1.32582 -9.687166 -116.5
1.225587 -9.628229 -116.5
1.125347 -9.569306 -116.5
1.025058 -9.510467 -116.5
0.9247164 -9.451716 -116.5
0.8243565 -9.392996 -116.5
0.7240197 -9.334238 -116.5
0.623728 -9.275403 -116.5
0.523473 -9.216505 -116.5
0.4232293 -9.157588 -116.5
0.3229791 -9.098681 -116.5
0.2227199 -9.039789 -116.5
0.1224531 -8.980911 -116.5
0.02217032 -8.922061 -116.5
-0.07814446 -8.863265 -116.5
-0.178494 -8.804528 -116.5
-0.2788589 -8.745817 -116.5
-0.379212 -8.687086 -116.5
-0.4795389 -8.628311 -116.5
-0.5798516 -8.569512 -116.5
-0.6801825 -8.510743 -116.5
-0.7805518 -8.45204 -116.5
-0.8809433 -8.393375 -116.5
-0.9812969 -8.334647 -116.5
-1.081499 -8.275664 -116.5
-1.181384 -8.216154 -116.5
-1.280771 -8.155826 -116.5
-1.379545 -8.0945 -116.5
-1.477702 -8.032189 -116.5
-1.575329 -7.969044 -116.5
-1.672543 -7.905259 -116.5
-1.769452 -7.841007 -116.5
-1.866144 -7.776428 -116.5
-1.962689 -7.711629 -116.5
-2.059123 -7.646663 -116.5
-2.155454 -7.581545 -116.5
-2.251697 -7.516298 -116.5
-2.347909 -7.451004 -116.5
-2.44417 -7.385783 -116.5
-2.540524 -7.3207 -116.5
-2.636923 -7.255684 -116.5
-2.733273 -7.190595 -116.5
-2.829514 -7.125344 -116.5
-2.925658 -7.059949 -116.5
-3.021755 -6.994488 -116.5
-3.117855 -6.929028 -116.5
-3.213982 -6.86361 -116.5
-3.310149 -6.798249 -116.5
-3.406352 -6.732942 -116.5
-3.502581 -6.667674 -116.5
-3.59883 -6.602434 -116.5
-3.695104 -6.537231 -116.5
-3.791411 -6.472078 -116.5
-3.887741 -6.406958 -116.5
-3.984059 -6.34182 -116.5
-4.080332 -6.276617 -116.5
-4.176551 -6.211333 -116.5
-4.272725 -6.145983 -116.5
-4.368871 -6.080591 -116.5
-4.46501 -6.01519 -116.5
-4.56117 -5.94982 -116.5
-4.657368 -5.884505 -116.5
-4.753569 -5.819196 -116.5
-4.849657 -5.753724 -116.5
-4.945445 -5.687818 -116.5
-5.040749 -5.621221 -116.5
-5.135431 -5.553749 -116.5
-5.229385 -5.485272 -116.5
-5.322508 -5.415674 -116.5
-5.414747 -5.34491 -116.5
-5.506181 -5.2731 -116.5
-5.597021 -5.200529 -116.5
-5.687518 -5.127523 -116.5
-5.777846 -5.054306 -116.5
-5.868095 -4.98099 -116.5
-5.958311 -4.907634 -116.5
-6.048526 -4.834277 -116.5
-6.138758 -4.760941 -116.5
-6.229006 -4.687623 -116.5
-6.319251 -4.614303 -116.5
-6.409486 -4.540971 -116.5
-6.499724 -4.467641 -116.5
-6.589978 -4.394331 -116.5
-6.680236 -4.321027 -116.5
-6.770472 -4.247696 -116.5
-6.860673 -4.174322 -116.5
-6.950853 -4.100921 -116.5
-7.041038 -4.027527 -116.5
-7.131256 -3.954173 -116.5
-7.221523 -3.880879 -116.5
-7.311826 -3.80763 -116.5
-7.40214 -3.734395 -116.5
-7.492455 -3.661161 -116.5
-7.582783 -3.587942 -116.5
-7.673133 -3.514751 -116.5
-7.7635 -3.441581 -116.5
-7.853862 -3.368405 -116.5
-7.944165 -3.295158 -116.5
-8.034283 -3.221687 -116.5
-8.12396 -3.147692 -116.5
-8.212822 -3.07274 -116.5
-8.300507 -2.996431 -116.5
-8.386863 -2.918621 -116.5
-8.472044 -2.839508 -116.5
-8.556405 -2.759503 -116.5
-8.640313 -2.679012 -116.5
-8.724023 -2.598312 -116.5
-8.807661 -2.517536 -116.5
-8.891277 -2.436737 -116.5
-8.974887 -2.355933 -116.5
-9.058493 -2.275123 -116.5
-9.142077 -2.194292 -116.5
-9.225572 -2.11337 -116.5
-9.308803 -2.032181 -116.5
-9.391469 -1.950428 -116.5
-9.473218 -1.867772 -116.5
-9.553811 -1.783992 -116.5
-9.633237 -1.699101 -116.5
-9.711703 -1.613309 -116.5
-9.789494 -1.526896 -116.5
-9.866873 -1.440108 -116.5
-9.944037 -1.353127 -116.5
-10.02111 -1.266069 -116.5
-10.09816 -1.178987 -116.5
-10.1752 -1.091892 -116.5
-10.25221 -1.004771 -116.5
-10.32914 -0.917588 -116.5
-10.40591 -0.8302636 -116.5
-10.48232 -0.7426224 -116.5
-10.558 -0.6543658 -116.5
-10.6325 -0.5651362 -116.5
-10.70552 -0.4746957 -116.5
-10.7771 -0.383096 -116.5
-10.84762 -0.2906664 -116.5
-10.9176 -0.1978119 -116.5
-10.98741 -0.1048282 -116.5
-11.05726 -0.01186674 -116.5
-11.12717 0.08103806 -116.5
-11.19698 0.1740165 -116.5
-11.26614 0.2674568 -116.5
-11.33375 0.3619704 -116.5
-11.39894 0.4581252 -116.5
-11.46138 0.5561001 -116.5
-11.52145 0.6555859 -116.5
-11.57999 0.7560246 -116.5
-11.63778 0.8569113 -116.5
-11.6954 0.9579035 -116.5
-11.75324 1.058773 -116.5
-11.81156 1.159359 -116.5
-11.8705 1.259584 -116.5
-11.92996 1.3595 -116.5
-11.9897 1.459255 -116.5
-12.04948 1.558989 -116.5
-12.1092 1.658754 -116.5
-12.16891 1.758531 -116.5
-12.2286 1.858312 -116.5
-12.28816 1.958174 -116.5
-12.34722 2.058317 -116.5
-12.40521 2.159068 -116.5
-12.46143 2.260789 -116.5
-12.51535 2.363729 -116.5
-12.56687 2.4679 -116.5
-12.61629 2.573104 -116.5
-12.66417 2.679041 -116.5
-12.71108 2.785426 -116.5
-12.75744 2.892058 -116.5
-12.80335 2.99888 -116.5
-12.84854 3.106 -116.5
-12.8924 3.213648 -116.5
-12.93436 3.322038 -116.5
-12.97422 3.431222 -116.5
-13.0123 3.541055 -116.5
-13.04923 3.651299 -116.5
-13.08557 3.761747 -116.5
-13.12166 3.872278 -116.5
-13.1576 3.98286 -116.5
-13.19322 4.093541 -116.5
-13.22803 4.204462 -116.5
-13.26126 4.31584 -116.5
-13.29213 4.427868 -116.5
-13.32038 4.540591 -116.5
-13.3465 4.653854 -116.5
-13.37142 4.767416 -116.5
-13.39584 4.881093 -116.5
-13.41992 4.994841 -116.5
-13.44319 5.108743 -116.5
-13.46477 5.222945 -116.5
-13.48369 5.337577 -116.5
-13.49924 5.452692 -116.5
-13.51129 5.568238 -116.5
-13.52043 5.684089 -116.5
-13.52772 5.800109 -116.5
-13.53429 5.916192 -116.5
-13.54097 6.032271 -116.5
-13.5482 6.148318 -116.5
-13.55595 6.264332 -116.5
-13.56394 6.380332 -116.5
-13.57187 6.496336 -116.5
-13.57951 6.612359 -116.5
-13.58664 6.728406 -116.5
-13.59273 6.844487 -116.5
-13.59664 6.960596 -116.5
-13.59689 7.076686 -116.5
-13.59245 7.192653 -116.5
-13.58339 7.308398 -116.5
-13.57083 7.423902 -116.5
-13.55627 7.53923 -116.5
-13.54089 7.654478 -116.5
-13.52533 7.769707 -116.5
-13.50979 7.884938 -116.5
-13.49414 8.000152 -116.5
-13.47791 8.115272 -116.5
-13.46019 8.23013 -116.5
-13.43969 8.344455 -116.5
-13.41527 8.457952 -116.5
-13.38658 8.57046 -116.5
-13.35427 8.682048 -116.5
-13.31955 8.792972 -116.5
-13.28358 8.903528 -116.5
-13.2471 9.01393 -116.5
-13.21044 9.124275 -116.5
-13.1736 9.234558 -116.5
-13.13639 9.344717 -116.5
-13.09853 9.454643 -116.5
-13.05946 9.564124 -116.5
-13.01834 9.672802 -116.5
-12.97424 9.78026 -116.5
-12.92671 9.886238 -116.5
-12.87609 9.990815 -116.5
-12.82332 10.09438 -116.5
-12.76942 10.1974 -116.5
-12.7151 10.3002 -116.5
-12.66061 10.40292 -116.5
-12.60589 10.50551 -116.5
-12.55076 10.60788 -116.5
-12.49503 10.70992 -116.5
-12.43836 10.81143 -116.5
-12.38022 10.91208 -116.5
-12.32008 11.01152 -116.5
-12.25759 11.1095 -116.5
-12.19281 11.20598 -116.5
-12.12603 11.30111 -116.5
-12.05766 11.39513 -116.5
-11.98806 11.48826 -116.5
-11.91751 11.58067 -116.5
-11.84617 11.67248 -116.5
-11.77417 11.76377 -116.5
-11.70162 11.85464 -116.5
-11.62868 11.94518 -116.5
-11.55541 12.03547 -116.5
-11.48178 12.12546 -116.5
-11.40748 12.21487 -116.5
-11.33192 12.30319 -116.5
-11.2544 12.38974 -116.5
-11.17433 12.47387 -116.5
-11.09128 12.55501 -116.5
-11.00498 12.63261 -116.5
-10.91509 12.70586 -116.5
-10.82116 12.77345 -116.5
-10.72339 12.83486 -116.5
-10.62072 12.88695 -116.5
-10.51251 12.92543 -116.5
-10.39954 12.94761 -116.5
-10.28355 12.95022 -116.5
-10.16824 12.93499 -116.5
-10.05506 12.90853 -116.5
