-12.3165 12.15741 -144.5006
-9.975807453338449 8.377561939125178 -144.50059999999996
-7.65097330394623 4.470781040034587 -144.5006
-4.6451916778389695 1.04170655028513 -144.50059999999996
-1.2582453100148911 -2.013938700053413 -144.50060000000002
2.310025403237843 -4.856373626343819 -144.5006
5.974640306330988 -7.573575873228533 -144.50060000000002
9.726368029888055 -10.169310056102514 -144.50059999999996
13.498032188875458 -12.736542983467736 -144.5006
17.180920254888388 -15.42731329256356 -144.5006
15.747240257169652 -15.79367738061107 -144.50060000000002
11.575036684885996 -13.947418502741115 -144.50059999999996
7.4469538596276 -12.00437329739874 -144.50060000000002
3.3837926320914193 -9.929209939688613 -144.50059999999996
-0.5943106451743586 -7.696272346113368 -144.50060000000002
-4.5038743295309125 -5.346844381057027 -144.5006
-8.244734174762108 -2.7369034499122518 -144.5006
-11.617373109546714 0.3292443397628655 -144.5006
-14.178933222771692 4.084116078800252 -144.50059999999996
-14.773203932834324 8.522962394761509 -144.5006
